starting_state,0,

states_table,19,
-1,+-,*,/,>,=,<,!,\,number,char,.,E,|,[]{}();,bfnrt',",&
0,-1,-1,7,8,9,10,11,-1,1,6,-1,-1,13,14,-1,15,29
1,-1,-1,-1,-1,-1,-1,-1,-1,1,-1,2,3,-1,-1,-1,-1,-1
2,-1,-1,-1,-1,-1,-1,-1,-1,4,-1,-1,-1,-1,-1,-1,-1,-1
3,5,-1,-1,-1,-1,-1,-1,-1,5,-1,-1,-1,-1,-1,-1,-1,-1
4,-1,-1,-1,-1,-1,-1,-1,-1,4,-1,-1,3,-1,-1,-1,-1,-1
5,-1,-1,-1,-1,-1,-1,-1,-1,5,-1,-1,-1,-1,-1,-1,-1,-1
6,-1,-1,-1,-1,-1,-1,-1,-1,6,6,-1,-1,-1,-1,-1,-1,-1
7,-1,17,16,-1,-1,-1,-1,-1,-1,-1,-1,-1,-1,-1,-1,-1,-1
8,-1,-1,-1,-1,21,-1,-1,-1,-1,-1,-1,-1,-1,-1,-1,-1,-1
9,-1,-1,-1,-1,22,-1,-1,-1,-1,-1,-1,-1,-1,-1,-1,-1,-1
10,-1,-1,-1,-1,23,-1,-1,-1,-1,-1,-1,-1,-1,-1,-1,-1,-1
11,-1,-1,-1,-1,24,-1,-1,-1,-1,-1,-1,-1,-1,-1,-1,-1,-1
12,-1,-1,-1,-1,-1,-1,-1,25,-1,-1,-1,-1,-1,-1,25,25,-1
13,-1,-1,-1,-1,-1,-1,-1,-1,-1,-1,-1,-1,26,-1,-1,-1,-1
15,-1,-1,-1,-1,-1,-1,-1,27,-1,-1,-1,-1,-1,-1,-1,28,-1
17,17,19,17,17,17,17,17,17,17,17,17,17,17,17,17,17,17
19,17,17,20,17,17,17,17,17,17,17,17,17,17,17,17,17,17
27,-1,-1,-1,-1,-1,-1,-1,15,-1,-1,-1,-1,-1,-1,15,15,-1
29,-1,-1,-1,-1,-1,-1,-1,-1,-1,-1,-1,-1,-1,-1,-1,-1,30

state_and_token,19,
4,float_literal
5,float_literal
1,int_literal
28,String_literal
10,op_less
8,op_greater
9,op_assign
11,op_not
14,separator
21,op_greater_equal
22,op_equal
23,op_less_equal
24,op_different
16,comment_in_line
20,comment_multiple_lines
25,escape
26,op_or
6,identifier
30,op_and

key_word,boolean,break,continue,else,for,float,if,int,return,void,while,String,
